X0	Y0	V0	Курс				
306,184492	-335,25155	0	148				
сек. от старта	Обороты	Руль					
849	0	0					
852	-500	0					
859	-500	-6					
864	-500	-6					
869	-500	-8					
874	-500	-10					
879	-500	-12					
884	-500	-2					
889	-500	-2					
894	-500	-6					
899	-500	2					
904	-500	0					
909	-500	0					
914	-500	-2					
919	-1500	6					
924	-1500	10					
929	-1500	0					
934	-1500	0					
939	-1500	-2					
944	-1500	-2					
949	-1500	-2					
954	-1500	-6					
959	0	-6					
960	0	-6					
961	0	-6					
962	0	-4					
963	0	-4					
964	0	-6					
969	0	-4					
974	0	-4					
979	0	-2					
984	0	0					
989	0	12					
994	0	6					
							
							
							
							
							
							
							
							
							
							
							
							
							
							
							
							
							
							
							
							
							
							
							
							
							
							
							
							
							
							
							
							
							
							
							
							
							
